🌱Seed: 3127166940
Min: 3127166940 Max: 3236327413
1786548802  2322065235  147739714  768672891  1361862036  3328259881  3154345676  
🪓 Min out of range, max in range
Min: 3127166940 Max: 3154345675
1786548802  2322065235  147739714  768672891  1361862036  3328259881  3154345676  2814318523  1362209021  2133571422  4045525873  3084992710  
Min: 904125580 Max: 931304315
826425240  
Min: 3446013083 Max: 3473191818
1973789958  1992333439  2574944960  4065366707  4274048011  705931711  1210970895  1421828853  1108192216  35457870  2033892789  1513967644  4108160067  310274559  3535532059  73659524  0  1261520342  3283950856  646203379  3962008114  1784556535  3443518630  
Min: 4024961261 Max: 4052139996
0  2132863085  1600446740  2914685303  3712513349  
Min: 3052174342 Max: 3079353077
1268486741  3276436954  3786131308  1287961387  1808659179  2675880000  3199760974  3137232037  1720103029  2217758133  0  3836074110  2837492192  
Min: 1262936129 Max: 1290114864
1519504972  2990410634  972432123  
Min: 522761994 Max: 549940729
4275486551  2090555906  2902831882  2819947352  2592805068  606585628  2064757318  4068790015  701865175  3291885426  1066906431  3127697629  4036479735  4270667962  2075729027  
Min: 522761994 Max: 549940729

END SEARCH MIN: 522761994

Min: 3209251068 Max: 3291232805
826425240  3682756471  1530223690  2460222182  1894032499  248970341  2662348686  1323325837  2604354699  121779694  3317666386  2768963716  
Min: 2520588939 Max: 2602570676
1973789958  1992333439  2574944960  
🪓 Min out of range, max in range
Min: 2520588939 Max: 2574944959
1973789958  1992333439  2574944960  4065366707  4274048011  705931711  1210970895  1421828853  1108192216  35457870  2033892789  1513967644  4108160067  310274559  3535532059  73659524  0  1261520342  3283950856  646203379  3962008114  1784556535  3443518630  1098016951  2033753707  2390203683  
🪓 Min in range, max out of range
Min: 2522941579 Max: 2551451191
0  2132863085  1600446740  2914685303  3712513349  3589340640  799272484  1763451862  1587251997  2356910322  1045093870  764535859  1490869662  1920724686  1545176830  1554406595  2739726430  3598180039  2778906155  1770075592  1481368346  2396063798  
Min: 1172257124 Max: 1200766736
1268486741  3276436954  3786131308  1287961387  1808659179  2675880000  3199760974  3137232037  1720103029  2217758133  0  
Min: 2681863140 Max: 2710372752
1519504972  2990410634  972432123  278205785  132298732  2663455233  
Min: 3390095069 Max: 3418604681
4275486551  2090555906  2902831882  2819947352  2592805068  606585628  2064757318  4068790015  701865175  3291885426  
Min: 3632792332 Max: 3661301944

END SEARCH MIN: 3632792332

Min: 2549098552 Max: 2574944959
1973789958  1992333439  2574944960  4065366707  4274048011  705931711  1210970895  1421828853  1108192216  35457870  2033892789  1513967644  4108160067  310274559  3535532059  73659524  0  1261520342  3283950856  646203379  3962008114  1784556535  3443518630  1098016951  2033753707  2390203683  1436944398  1033963147  2171722308  3061525238  2549098552  
Min: 2551451192 Max: 2577297599
0  2132863085  1600446740  2914685303  3712513349  3589340640  799272484  1763451862  1587251997  2356910322  1045093870  764535859  1490869662  1920724686  1545176830  1554406595  2739726430  3598180039  2778906155  1770075592  1481368346  2396063798  
Min: 1200766737 Max: 1226613144
1268486741  3276436954  3786131308  1287961387  1808659179  2675880000  3199760974  3137232037  1720103029  2217758133  0  
Min: 2710372753 Max: 2736219160
1519504972  2990410634  972432123  278205785  132298732  2663455233  
Min: 3418604682 Max: 3444451089
4275486551  2090555906  2902831882  2819947352  2592805068  606585628  2064757318  4068790015  701865175  3291885426  
Min: 3661301945 Max: 3687148352

END SEARCH MIN: 3661301945

Min: 58400970 Max: 86026686
0  
Min: 1891645122 Max: 1919270838
1268486741  3276436954  3786131308  1287961387  1808659179  
Min: 3178997073 Max: 3206622789
1519504972  2990410634  972432123  278205785  132298732  2663455233  272509895  3703499740  4053129082  3305585510  386916980  896459472  1386903875  3445011596  2078802318  3599611328  4123103867  2122546980  2085666761  2648268998  3051742077  3850915258  3055179755  
Min: 3843922088 Max: 3871547804
4275486551  2090555906  2902831882  2819947352  2592805068  606585628  2064757318  4068790015  701865175  3291885426  
Min: 4086619351 Max: 4114245067

END SEARCH MIN: 4086619351
🌱Seed: 3265086325
Min: 3265086325 Max: 3351535908
1786548802  2322065235  147739714  768672891  1361862036  3328259881  
🪓 Min out of range, max in range
Min: 3265086325 Max: 3328259880
1786548802  2322065235  147739714  768672891  1361862036  3328259881  3154345676  
Min: 3319991717 Max: 3383165272
826425240  3682756471  1530223690  2460222182  1894032499  248970341  2662348686  1323325837  2604354699  121779694  3317666386  
Min: 1869472763 Max: 1932646318
1973789958  1992333439  2574944960  4065366707  4274048011  705931711  1210970895  1421828853  1108192216  35457870  2033892789  1513967644  4108160067  310274559  3535532059  73659524  0  1261520342  3283950856  646203379  3962008114  1784556535  
Min: 1662069662 Max: 1725243217
0  2132863085  1600446740  
Min: 507309874 Max: 570483429
1268486741  3276436954  3786131308  1287961387  1808659179  2675880000  3199760974  3137232037  1720103029  2217758133  0  
Min: 2016915890 Max: 2080089445
1519504972  
🪓 Min in range, max out of range
Min: 1144140658 Max: 1206027085
4275486551  2090555906  2902831882  2819947352  2592805068  606585628  2064757318  4068790015  701865175  3291885426  1066906431  
Min: 1994231379 Max: 2056117806

END SEARCH MIN: 1994231379

Min: 2078802318 Max: 2080089445
1519504972  2990410634  972432123  278205785  132298732  2663455233  272509895  3703499740  4053129082  3305585510  386916980  896459472  1386903875  3445011596  2078802318  
Min: 4063515747 Max: 4064802874
4275486551  2090555906  2902831882  2819947352  2592805068  606585628  2064757318  4068790015  701865175  3291885426  1066906431  3127697629  4036479735  
Min: 1747535087 Max: 1748822214

END SEARCH MIN: 1747535087

Min: 1936948751 Max: 1960224778
826425240  3682756471  1530223690  2460222182  1894032499  
🪓 Min in range, max out of range
Min: 3063396459 Max: 3084360081
1973789958  1992333439  2574944960  4065366707  4274048011  705931711  1210970895  1421828853  1108192216  35457870  2033892789  1513967644  4108160067  310274559  3535532059  73659524  0  1261520342  3283950856  646203379  3962008114  1784556535  3443518630  1098016951  2033753707  2390203683  1436944398  1033963147  2171722308  3061525238  
Min: 3489872514 Max: 3510836136
0  2132863085  1600446740  2914685303  3712513349  3589340640  799272484  1763451862  1587251997  2356910322  1045093870  764535859  1490869662  1920724686  1545176830  1554406595  2739726430  3598180039  2778906155  1770075592  1481368346  2396063798  1237176557  1190805596  3403272109  
Min: 4081165860 Max: 4102129482
1268486741  3276436954  3786131308  1287961387  1808659179  2675880000  3199760974  3137232037  1720103029  2217758133  0  3836074110  2837492192  3633445065  
Min: 4081165860 Max: 4102129482
1519504972  2990410634  972432123  278205785  132298732  2663455233  272509895  3703499740  4053129082  
Min: 4098416968 Max: 4119380590
4275486551  2090555906  2902831882  2819947352  2592805068  606585628  2064757318  4068790015  
Min: 3169340739 Max: 3190304361

END SEARCH MIN: 3169340739

Min: 1957912374 Max: 1960224778
826425240  3682756471  1530223690  2460222182  1894032499  248970341  2662348686  1323325837  2604354699  121779694  3317666386  2768963716  1070171154  4051272297  1966243663  2749016239  3857247020  3444152988  1957912374  
Min: 826425240 Max: 828737644
1973789958  1992333439  2574944960  4065366707  4274048011  705931711  
Min: 2047188897 Max: 2049501301
0  2132863085  1600446740  2914685303  3712513349  3589340640  799272484  1763451862  1587251997  2356910322  1045093870  764535859  1490869662  1920724686  
Min: 126464211 Max: 128776615
1268486741  3276436954  3786131308  1287961387  1808659179  2675880000  3199760974  3137232037  1720103029  2217758133  0  
Min: 1636070227 Max: 1638382631
1519504972  
Min: 763294995 Max: 765607399
4275486551  2090555906  2902831882  2819947352  2592805068  606585628  2064757318  4068790015  701865175  
Min: 668015448 Max: 670327852

END SEARCH MIN: 668015448
🌱Seed: 1581539098
Min: 1581539098 Max: 1786744823
1786548802  
🪓 Min out of range, max in range
Min: 1581539098 Max: 1786548801
1786548802  2322065235  147739714  768672891  1361862036  3328259881  3154345676  2814318523  1362209021  
🪓 Min in range, max out of range
Min: 2703540741 Max: 2715698138
826425240  3682756471  1530223690  2460222182  1894032499  248970341  2662348686  
Min: 2034826089 Max: 2046983486
1973789958  1992333439  2574944960  4065366707  4274048011  705931711  1210970895  1421828853  1108192216  35457870  2033892789  
Min: 2255660104 Max: 2267817501
0  2132863085  
Min: 334935418 Max: 347092815
1268486741  3276436954  3786131308  1287961387  1808659179  2675880000  3199760974  3137232037  1720103029  2217758133  0  
Min: 1844541434 Max: 1856698831
1519504972  
Min: 971766202 Max: 983923599
4275486551  2090555906  2902831882  2819947352  2592805068  606585628  2064757318  4068790015  701865175  
Min: 876486655 Max: 888644052

END SEARCH MIN: 876486655

Min: 1593696496 Max: 1786548801
1786548802  2322065235  147739714  768672891  1361862036  3328259881  3154345676  2814318523  1362209021  2133571422  4045525873  3084992710  2838443589  4025104215  1268583577  2019002186  1593696496  
🪓 Min in range, max out of range
Min: 3689500700 Max: 3700160218
826425240  3682756471  
Min: 1051782342 Max: 1062441860
1973789958  1992333439  2574944960  4065366707  4274048011  705931711  1210970895  1421828853  1108192216  35457870  2033892789  1513967644  4108160067  310274559  3535532059  73659524  0  1261520342  3283950856  646203379  3962008114  1784556535  3443518630  1098016951  2033753707  2390203683  1436944398  1033963147  
Min: 2595116795 Max: 2605776313
0  2132863085  1600446740  2914685303  3712513349  3589340640  799272484  1763451862  1587251997  2356910322  1045093870  764535859  1490869662  1920724686  1545176830  1554406595  2739726430  3598180039  2778906155  1770075592  1481368346  2396063798  
Min: 1244432340 Max: 1255091858
1268486741  3276436954  3786131308  1287961387  1808659179  2675880000  3199760974  3137232037  1720103029  2217758133  0  
Min: 2754038356 Max: 2764697874
1519504972  2990410634  972432123  278205785  132298732  2663455233  
Min: 3462270285 Max: 3472929803
4275486551  2090555906  2902831882  2819947352  2592805068  606585628  2064757318  4068790015  701865175  3291885426  
Min: 3704967548 Max: 3715627066

END SEARCH MIN: 3704967548

Min: 1604356015 Max: 1786548801
1786548802  2322065235  147739714  768672891  1361862036  3328259881  3154345676  2814318523  1362209021  2133571422  4045525873  3084992710  2838443589  4025104215  1268583577  2019002186  1593696496  808199470  526585653  3894961176  2882157621  414068906  4133608796  2328486844  4129243867  4274788127  432826283  2717123646  1604356015  
Min: 3506960928 Max: 3689153714
826425240  3682756471  
🪓 Min out of range, max in range
Min: 3506960928 Max: 3682756470
826425240  3682756471  1530223690  2460222182  1894032499  248970341  2662348686  1323325837  2604354699  121779694  3317666386  2768963716  1070171154  4051272297  1966243663  2749016239  3857247020  3444152988  
Min: 2691812197 Max: 2867607739
1973789958  1992333439  2574944960  4065366707  4274048011  705931711  1210970895  1421828853  1108192216  35457870  2033892789  1513967644  4108160067  310274559  3535532059  73659524  0  1261520342  3283950856  646203379  3962008114  1784556535  3443518630  1098016951  2033753707  2390203683  1436944398  1033963147  2171722308  3061525238  2549098552  3478645752  269683848  2331802713  420137315  
Min: 2691812197 Max: 2867607739
0  2132863085  1600446740  2914685303  3712513349  3589340640  799272484  1763451862  1587251997  2356910322  1045093870  764535859  1490869662  1920724686  1545176830  1554406595  2739726430  
Min and max out of range, range in the middle🪓
Min: 2691812197 Max: 2739726429
0  2132863085  1600446740  2914685303  3712513349  3589340640  799272484  1763451862  1587251997  2356910322  1045093870  764535859  1490869662  1920724686  1545176830  1554406595  2739726430  3598180039  2778906155  1770075592  1481368346  2396063798  1237176557  1190805596  3403272109  
Min: 2691812197 Max: 2739726429
1268486741  3276436954  3786131308  1287961387  1808659179  2675880000  
Min: 1363926021 Max: 1411840253
1519504972  2990410634  972432123  
🪓 Min in range, max out of range
Min: 623751886 Max: 646729739
4275486551  2090555906  2902831882  2819947352  2592805068  606585628  
Min: 3441642521 Max: 3464620374

END SEARCH MIN: 3441642521

Min: 1386903875 Max: 1411840253
1519504972  2990410634  972432123  278205785  132298732  2663455233  272509895  3703499740  4053129082  3305585510  386916980  896459472  1386903875  
Min: 2148980475 Max: 2173916853
4275486551  2090555906  
Min: 1276674482 Max: 1301610860

END SEARCH MIN: 1276674482

Min: 3955385730 Max: 3994565454
1268486741  3276436954  3786131308  1287961387  1808659179  2675880000  3199760974  3137232037  1720103029  2217758133  0  3836074110  
🪓 Min in range, max out of range
Min: 1029049775 Max: 1048253978
1519504972  2990410634  972432123  
Min: 288875640 Max: 308079843
4275486551  2090555906  2902831882  2819947352  2592805068  606585628  2064757318  4068790015  701865175  3291885426  1066906431  3127697629  4036479735  4270667962  2075729027  
Min: 288875640 Max: 308079843

END SEARCH MIN: 288875640

Min: 3974589934 Max: 3994565454
1268486741  3276436954  3786131308  1287961387  1808659179  2675880000  3199760974  3137232037  1720103029  2217758133  0  3836074110  2837492192  3633445065  
Min: 3974589934 Max: 3994565454
1519504972  2990410634  972432123  278205785  132298732  2663455233  272509895  3703499740  4053129082  3305585510  386916980  896459472  1386903875  3445011596  2078802318  3599611328  4123103867  2122546980  2085666761  2648268998  3051742077  3850915258  
Min: 1479473303 Max: 1499448823
4275486551  2090555906  2902831882  2819947352  2592805068  606585628  2064757318  4068790015  701865175  3291885426  1066906431  
Min: 2329564024 Max: 2349539544

END SEARCH MIN: 2329564024

Min: 2778906155 Max: 2867607739
0  2132863085  1600446740  2914685303  3712513349  3589340640  799272484  1763451862  1587251997  2356910322  1045093870  764535859  1490869662  1920724686  1545176830  1554406595  2739726430  3598180039  2778906155  
Min: 3810767183 Max: 3899468767
1268486741  3276436954  3786131308  
🪓 Min in range, max out of range
Min: 3529745959 Max: 3555052885
1519504972  2990410634  972432123  278205785  132298732  2663455233  272509895  3703499740  4053129082  3305585510  386916980  896459472  1386903875  3445011596  
Min: 1702487173 Max: 1727794099
4275486551  2090555906  2902831882  2819947352  2592805068  606585628  2064757318  4068790015  701865175  3291885426  1066906431  
Min: 2552577894 Max: 2577884820

END SEARCH MIN: 2552577894

Min: 3836074110 Max: 3899468767
1268486741  3276436954  3786131308  1287961387  1808659179  2675880000  3199760974  3137232037  1720103029  2217758133  0  3836074110  
Min: 909738155 Max: 973132812
1519504972  2990410634  972432123  
🪓 Min out of range, max in range
Min: 909738155 Max: 972432122
1519504972  2990410634  972432123  278205785  132298732  2663455233  272509895  3703499740  4053129082  3305585510  386916980  896459472  
Min: 4000821779 Max: 4063515746
4275486551  2090555906  2902831882  2819947352  2592805068  606585628  2064757318  4068790015  701865175  3291885426  
🪓 Min in range, max out of range
Min: 4243519042 Max: 4279176997

END SEARCH MIN: 4243519042

Min: 4036479735 Max: 4063515746
4275486551  2090555906  2902831882  2819947352  2592805068  606585628  2064757318  4068790015  701865175  3291885426  1066906431  3127697629  4036479735  
Min: 1720499075 Max: 1747535086

END SEARCH MIN: 1720499075

Min: 232257988 Max: 232958677
4275486551  2090555906  2902831882  2819947352  2592805068  606585628  2064757318  4068790015  701865175  3291885426  1066906431  3127697629  4036479735  4270667962  2075729027  
Min: 232257988 Max: 232958677

END SEARCH MIN: 232257988

Min: 1045038113 Max: 1051435356
1973789958  1992333439  2574944960  4065366707  4274048011  705931711  1210970895  1421828853  1108192216  35457870  2033892789  1513967644  4108160067  310274559  3535532059  73659524  0  1261520342  3283950856  646203379  3962008114  1784556535  3443518630  1098016951  2033753707  2390203683  1436944398  1033963147  
Min: 2588372566 Max: 2594769809
0  2132863085  1600446740  2914685303  3712513349  3589340640  799272484  1763451862  1587251997  2356910322  1045093870  764535859  1490869662  1920724686  1545176830  1554406595  2739726430  3598180039  2778906155  1770075592  1481368346  2396063798  
Min: 1237688111 Max: 1244085354
1268486741  3276436954  3786131308  1287961387  1808659179  2675880000  3199760974  3137232037  1720103029  2217758133  0  
Min: 2747294127 Max: 2753691370
1519504972  2990410634  972432123  278205785  132298732  2663455233  
Min: 3455526056 Max: 3461923299
4275486551  2090555906  2902831882  2819947352  2592805068  606585628  2064757318  4068790015  701865175  3291885426  
Min: 3698223319 Max: 3704620562

END SEARCH MIN: 3698223319

Min: 931304316 Max: 931500337
826425240  
Min: 3473191819 Max: 3473387840
1973789958  1992333439  2574944960  4065366707  4274048011  705931711  1210970895  1421828853  1108192216  35457870  2033892789  1513967644  4108160067  310274559  3535532059  73659524  0  1261520342  3283950856  646203379  3962008114  1784556535  3443518630  
Min: 4052139997 Max: 4052336018
0  2132863085  1600446740  2914685303  3712513349  
Min: 3079353078 Max: 3079549099
1268486741  3276436954  3786131308  1287961387  1808659179  2675880000  3199760974  3137232037  1720103029  2217758133  0  3836074110  2837492192  
Min: 1290114865 Max: 1290310886
1519504972  2990410634  972432123  
Min: 549940730 Max: 550136751
4275486551  2090555906  2902831882  2819947352  2592805068  606585628  2064757318  4068790015  701865175  3291885426  1066906431  3127697629  4036479735  4270667962  2075729027  
Min: 549940730 Max: 550136751

END SEARCH MIN: 549940730
🌱Seed: 3646327835
Min: 3646327835 Max: 3831071285
1786548802  2322065235  147739714  768672891  1361862036  3328259881  
Min: 2255016705 Max: 2439760155
826425240  3682756471  1530223690  2460222182  1894032499  248970341  2662348686  1323325837  2604354699  121779694  3317666386  2768963716  1070171154  4051272297  1966243663  2749016239  3857247020  3444152988  1957912374  3939368308  4214533702  2094403959  1125781209  1519855964  1091351397  2186637247  
Min: 3163107266 Max: 3347850716
1973789958  1992333439  2574944960  4065366707  4274048011  705931711  1210970895  1421828853  1108192216  35457870  2033892789  1513967644  4108160067  310274559  3535532059  73659524  0  1261520342  3283950856  
🪓 Min out of range, max in range
Min: 3163107266 Max: 3283950855
1973789958  1992333439  2574944960  4065366707  4274048011  705931711  1210970895  1421828853  1108192216  35457870  2033892789  1513967644  4108160067  310274559  3535532059  73659524  0  1261520342  3283950856  646203379  3962008114  1784556535  3443518630  1098016951  2033753707  2390203683  1436944398  1033963147  2171722308  3061525238  
Min: 3589583321 Max: 3710426910
0  2132863085  1600446740  2914685303  3712513349  3589340640  
🪓 Min in range, max out of range
Min: 3946789012 Max: 3955385729
1268486741  3276436954  3786131308  1287961387  1808659179  2675880000  3199760974  3137232037  1720103029  2217758133  0  3836074110  
Min: 1020453057 Max: 1029049774
1519504972  2990410634  972432123  
Min: 280278922 Max: 288875639
4275486551  2090555906  2902831882  2819947352  2592805068  606585628  2064757318  4068790015  701865175  3291885426  1066906431  3127697629  4036479735  4270667962  2075729027  
Min: 280278922 Max: 288875639

END SEARCH MIN: 280278922

Min: 3598180039 Max: 3710426910
0  2132863085  1600446740  2914685303  3712513349  3589340640  799272484  1763451862  1587251997  2356910322  1045093870  764535859  1490869662  1920724686  1545176830  1554406595  2739726430  3598180039  
Min: 4180633986 Max: 4292880857
1268486741  3276436954  3786131308  1287961387  1808659179  2675880000  3199760974  3137232037  1720103029  2217758133  0  3836074110  2837492192  3633445065  
Min: 4180633986 Max: 4292880857
1519504972  2990410634  972432123  278205785  132298732  2663455233  272509895  3703499740  4053129082  3305585510  386916980  896459472  1386903875  3445011596  2078802318  3599611328  4123103867  2122546980  2085666761  2648268998  3051742077  3850915258  3055179755  2309574666  3701143717  537218584  81956384  3034709506  1515802851  4129082008  
Min: 2034647165 Max: 2146894036
4275486551  2090555906  
🪓 Min out of range, max in range
Min: 2034647165 Max: 2090555905
4275486551  2090555906  2902831882  2819947352  2592805068  606585628  2064757318  
Min and max out of range, range in the middle🪓
Min: 2034647165 Max: 2064757317
4275486551  2090555906  2902831882  2819947352  2592805068  606585628  2064757318  4068790015  701865175  3291885426  1066906431  
Min: 2884737886 Max: 2914848038

END SEARCH MIN: 2884737886

Min: 4279176998 Max: 4290148706

END SEARCH MIN: 4279176998

Min: 2075729027 Max: 2090555905
4275486551  2090555906  2902831882  2819947352  2592805068  606585628  2064757318  4068790015  701865175  3291885426  1066906431  3127697629  4036479735  4270667962  2075729027  
Min: 3519755810 Max: 3534582688

END SEARCH MIN: 3519755810

Min: 1218249913 Max: 1274588043

END SEARCH MIN: 1218249913

Min: 4057593930 Max: 4121493790
0  2132863085  1600446740  2914685303  3712513349  
Min: 3084807011 Max: 3148706871
1268486741  3276436954  3786131308  1287961387  1808659179  2675880000  3199760974  3137232037  
🪓 Min out of range, max in range
Min: 3084807011 Max: 3137232036
1268486741  3276436954  3786131308  1287961387  1808659179  2675880000  3199760974  3137232037  1720103029  2217758133  0  3836074110  2837492192  
Min: 1295568798 Max: 1347993823
1519504972  2990410634  972432123  
Min: 555394663 Max: 607819688
4275486551  2090555906  2902831882  2819947352  2592805068  606585628  
🪓 Min out of range, max in range
Min: 555394663 Max: 606585627
4275486551  2090555906  2902831882  2819947352  2592805068  606585628  2064757318  4068790015  701865175  3291885426  1066906431  3127697629  4036479735  4270667962  2075729027  
Min: 555394663 Max: 606585627

END SEARCH MIN: 555394663

Min: 3424476263 Max: 3425710323

END SEARCH MIN: 3424476263

Min: 3555052886 Max: 3566527720
1519504972  2990410634  972432123  278205785  132298732  2663455233  272509895  3703499740  4053129082  3305585510  386916980  896459472  1386903875  3445011596  
Min: 1727794100 Max: 1739268934
4275486551  2090555906  2902831882  2819947352  2592805068  606585628  2064757318  4068790015  701865175  3291885426  1066906431  
Min: 2577884821 Max: 2589359655

END SEARCH MIN: 2577884821
🌱Seed: 2671979893
Min: 2671979893 Max: 2689128043
1786548802  2322065235  147739714  768672891  1361862036  3328259881  3154345676  2814318523  1362209021  2133571422  4045525873  3084992710  2838443589  4025104215  1268583577  2019002186  1593696496  808199470  526585653  3894961176  2882157621  414068906  4133608796  2328486844  4129243867  4274788127  432826283  2717123646  1604356015  629314747  3871156865  2512159762  
Min: 1891804998 Max: 1908953148
826425240  3682756471  1530223690  
🪓 Min in range, max out of range
Min: 4292739795 Max: 4294967295
1973789958  1992333439  2574944960  4065366707  4274048011  
Min: 4235853488 Max: 4238080988
0  2132863085  1600446740  2914685303  3712513349  
Min: 3263066569 Max: 3265294069
1268486741  3276436954  3786131308  1287961387  1808659179  2675880000  3199760974  
Min: 3082640745 Max: 3084868245
1519504972  2990410634  972432123  278205785  132298732  2663455233  272509895  3703499740  4053129082  3305585510  386916980  896459472  1386903875  3445011596  2078802318  3599611328  4123103867  2122546980  2085666761  2648268998  3051742077  3850915258  3055179755  
Min: 3747565760 Max: 3749793260
4275486551  2090555906  2902831882  2819947352  2592805068  606585628  2064757318  4068790015  701865175  3291885426  
Min: 3990263023 Max: 3992490523

END SEARCH MIN: 3990263023

Min: 1894032499 Max: 1908953148
826425240  3682756471  1530223690  2460222182  1894032499  
Min: 3020480207 Max: 3035400856
1973789958  1992333439  2574944960  4065366707  4274048011  705931711  1210970895  1421828853  1108192216  35457870  2033892789  1513967644  4108160067  310274559  3535532059  73659524  0  1261520342  3283950856  646203379  3962008114  1784556535  3443518630  1098016951  2033753707  2390203683  1436944398  1033963147  2171722308  3061525238  2549098552  3478645752  269683848  2331802713  420137315  
Min: 3020480207 Max: 3035400856
0  2132863085  1600446740  2914685303  
Min: 3427975281 Max: 3442895930
1268486741  3276436954  
Min: 3769120150 Max: 3784040799
1519504972  2990410634  972432123  278205785  132298732  2663455233  272509895  3703499740  
Min: 1274003519 Max: 1288924168
4275486551  2090555906  2902831882  2819947352  2592805068  606585628  2064757318  4068790015  701865175  3291885426  1066906431  
Min: 2124094240 Max: 2139014889

END SEARCH MIN: 2124094240
🌱Seed: 305618297
Min: 305618297 Max: 346020153
1786548802  2322065235  147739714  
Min: 654274590 Max: 694676446
826425240  3682756471  1530223690  2460222182  1894032499  248970341  2662348686  1323325837  2604354699  121779694  3317666386  2768963716  1070171154  4051272297  1966243663  2749016239  3857247020  3444152988  1957912374  3939368308  4214533702  2094403959  1125781209  1519855964  1091351397  2186637247  3991222595  4111911476  2591321500  
Min: 654274590 Max: 694676446
1973789958  1992333439  2574944960  4065366707  4274048011  705931711  1210970895  1421828853  1108192216  35457870  2033892789  1513967644  4108160067  310274559  3535532059  73659524  0  1261520342  3283950856  646203379  
Min: 1397923620 Max: 1438325476
0  2132863085  1600446740  2914685303  3712513349  3589340640  799272484  1763451862  1587251997  2356910322  1045093870  764535859  1490869662  1920724686  1545176830  1554406595  2739726430  3598180039  2778906155  1770075592  1481368346  2396063798  1237176557  
Min: 955310887 Max: 995712743
1268486741  3276436954  3786131308  1287961387  1808659179  2675880000  3199760974  3137232037  1720103029  2217758133  0  
Min: 2464916903 Max: 2505318759
1519504972  2990410634  972432123  278205785  132298732  2663455233  272509895  3703499740  4053129082  3305585510  386916980  896459472  1386903875  3445011596  2078802318  3599611328  4123103867  2122546980  2085666761  2648268998  3051742077  3850915258  3055179755  2309574666  
Min: 3188335067 Max: 3228736923
4275486551  2090555906  2902831882  2819947352  2592805068  606585628  2064757318  4068790015  701865175  3291885426  1066906431  3127697629  
Min: 1813446793 Max: 1853848649

END SEARCH MIN: 1813446793
🌱Seed: 2462071712
Min: 2462071712 Max: 2665146911
1786548802  2322065235  147739714  768672891  1361862036  3328259881  3154345676  2814318523  1362209021  2133571422  4045525873  3084992710  2838443589  4025104215  1268583577  2019002186  1593696496  808199470  526585653  3894961176  2882157621  414068906  4133608796  2328486844  
🪓 Min in range, max out of range
Min: 2892997039 Max: 2943085088
826425240  3682756471  1530223690  2460222182  1894032499  248970341  2662348686  1323325837  2604354699  121779694  3317666386  2768963716  
Min: 2204334910 Max: 2254422959
1973789958  1992333439  2574944960  4065366707  4274048011  705931711  1210970895  1421828853  1108192216  35457870  2033892789  1513967644  4108160067  310274559  3535532059  73659524  0  1261520342  3283950856  646203379  3962008114  1784556535  3443518630  1098016951  2033753707  2390203683  1436944398  1033963147  2171722308  
Min: 642280215 Max: 692368264
0  
Min: 2475524367 Max: 2525612416
1268486741  3276436954  3786131308  1287961387  1808659179  2675880000  3199760974  3137232037  1720103029  2217758133  
Min: 709382522 Max: 759470571
1519504972  2990410634  972432123  278205785  132298732  2663455233  272509895  3703499740  4053129082  3305585510  386916980  896459472  1386903875  3445011596  2078802318  3599611328  4123103867  2122546980  2085666761  2648268998  3051742077  3850915258  3055179755  2309574666  3701143717  537218584  81956384  3034709506  1515802851  4129082008  251047688  581475723  
Min: 2845915880 Max: 2896003929
4275486551  2090555906  2902831882  2819947352  
Min: 3367560261 Max: 3417648310

END SEARCH MIN: 3367560261

Min: 2512159762 Max: 2665146911
1786548802  2322065235  147739714  768672891  1361862036  3328259881  3154345676  2814318523  1362209021  2133571422  4045525873  3084992710  2838443589  4025104215  1268583577  2019002186  1593696496  808199470  526585653  3894961176  2882157621  414068906  4133608796  2328486844  4129243867  4274788127  432826283  2717123646  1604356015  629314747  3871156865  2512159762  
Min: 1731984867 Max: 1884972016
826425240  3682756471  1530223690  
Min: 4132919664 Max: 4285906813
1973789958  1992333439  2574944960  4065366707  4274048011  
🪓 Min out of range, max in range
Min: 4132919664 Max: 4274048010
1973789958  1992333439  2574944960  4065366707  4274048011  705931711  1210970895  1421828853  1108192216  35457870  2033892789  1513967644  4108160067  
Min: 3777979868 Max: 3919108214
0  2132863085  1600446740  2914685303  3712513349  
Min: 2805192949 Max: 2946321295
1268486741  3276436954  3786131308  1287961387  1808659179  2675880000  
🪓 Min in range, max out of range
Min: 1477306773 Max: 1509606015
1519504972  2990410634  972432123  278205785  132298732  2663455233  272509895  3703499740  4053129082  3305585510  386916980  896459472  1386903875  
Min: 2239383373 Max: 2271682615
4275486551  2090555906  
Min: 1367077380 Max: 1399376622

END SEARCH MIN: 1367077380

Min: 2837492192 Max: 2946321295
1268486741  3276436954  3786131308  1287961387  1808659179  2675880000  3199760974  3137232037  1720103029  2217758133  0  3836074110  2837492192  
Min: 1048253979 Max: 1157083082
1519504972  2990410634  972432123  
Min: 308079844 Max: 416908947
4275486551  2090555906  2902831882  2819947352  2592805068  606585628  2064757318  4068790015  701865175  3291885426  1066906431  3127697629  4036479735  4270667962  2075729027  
Min: 308079844 Max: 416908947

END SEARCH MIN: 308079844

Min: 4217161704 Max: 4229020506
0  2132863085  1600446740  2914685303  3712513349  
Min: 3244374785 Max: 3256233587
1268486741  3276436954  3786131308  1287961387  1808659179  2675880000  3199760974  
Min: 3063948961 Max: 3075807763
1519504972  2990410634  972432123  278205785  132298732  2663455233  272509895  3703499740  4053129082  3305585510  386916980  896459472  1386903875  3445011596  2078802318  3599611328  4123103867  2122546980  2085666761  2648268998  3051742077  3850915258  3055179755  
Min: 3728873976 Max: 3740732778
4275486551  2090555906  2902831882  2819947352  2592805068  606585628  2064757318  4068790015  701865175  3291885426  
Min: 3971571239 Max: 3983430041

END SEARCH MIN: 3971571239
🌱Seed: 358806266
Min: 358806266 Max: 489953611
1786548802  2322065235  147739714  
🪓 Min in range, max out of range
Min: 707462559 Max: 762725198
826425240  3682756471  1530223690  2460222182  1894032499  248970341  2662348686  1323325837  2604354699  121779694  3317666386  2768963716  1070171154  4051272297  1966243663  2749016239  3857247020  3444152988  1957912374  3939368308  4214533702  2094403959  1125781209  1519855964  1091351397  2186637247  3991222595  4111911476  2591321500  
Min: 707462559 Max: 762725198
1973789958  1992333439  2574944960  4065366707  4274048011  705931711  
Min: 1928226216 Max: 1983488855
0  2132863085  1600446740  2914685303  3712513349  3589340640  799272484  1763451862  1587251997  2356910322  1045093870  764535859  1490869662  1920724686  
Min: 7501530 Max: 62764169
1268486741  3276436954  3786131308  1287961387  1808659179  2675880000  3199760974  3137232037  1720103029  2217758133  0  
Min: 1517107546 Max: 1572370185
1519504972  
🪓 Min out of range, max in range
Min: 1517107546 Max: 1519504971
1519504972  2990410634  972432123  278205785  132298732  2663455233  272509895  3703499740  4053129082  3305585510  386916980  896459472  1386903875  3445011596  2078802318  3599611328  4123103867  2122546980  2085666761  2648268998  3051742077  3850915258  3055179755  2309574666  3701143717  537218584  81956384  3034709506  1515802851  
Min: 1609659494 Max: 1612056919
4275486551  2090555906  2902831882  2819947352  2592805068  606585628  2064757318  4068790015  701865175  3291885426  1066906431  
Min: 2459750215 Max: 2462147640

END SEARCH MIN: 2459750215

Min: 646729740 Max: 699594953
4275486551  2090555906  2902831882  2819947352  2592805068  606585628  
Min: 3464620375 Max: 3517485588

END SEARCH MIN: 3464620375

Min: 414068906 Max: 489953611
1786548802  2322065235  147739714  768672891  1361862036  3328259881  3154345676  2814318523  1362209021  2133571422  4045525873  3084992710  2838443589  4025104215  1268583577  2019002186  1593696496  808199470  526585653  3894961176  2882157621  414068906  
🪓 Min in range, max out of range
Min: 147739714 Max: 166497090
826425240  3682756471  1530223690  2460222182  1894032499  248970341  2662348686  1323325837  2604354699  121779694  
Min: 184059591 Max: 202816967
1973789958  1992333439  2574944960  4065366707  4274048011  705931711  1210970895  1421828853  1108192216  35457870  2033892789  1513967644  4108160067  310274559  3535532059  73659524  
Min: 1304228152 Max: 1322985528
0  2132863085  1600446740  2914685303  3712513349  3589340640  799272484  1763451862  1587251997  2356910322  1045093870  764535859  1490869662  1920724686  1545176830  1554406595  2739726430  3598180039  2778906155  1770075592  1481368346  2396063798  1237176557  
Min: 861615419 Max: 880372795
1268486741  3276436954  3786131308  1287961387  1808659179  2675880000  3199760974  3137232037  1720103029  2217758133  0  
Min: 2371221435 Max: 2389978811
1519504972  2990410634  972432123  278205785  132298732  2663455233  272509895  3703499740  4053129082  3305585510  386916980  896459472  1386903875  3445011596  2078802318  3599611328  4123103867  2122546980  2085666761  2648268998  3051742077  3850915258  3055179755  2309574666  
Min: 3094639599 Max: 3113396975
4275486551  2090555906  2902831882  
Min: 3106655756 Max: 3125413132

END SEARCH MIN: 3106655756

Min: 432826283 Max: 489953611
1786548802  2322065235  147739714  768672891  1361862036  3328259881  3154345676  2814318523  1362209021  2133571422  4045525873  3084992710  2838443589  4025104215  1268583577  2019002186  1593696496  808199470  526585653  3894961176  2882157621  414068906  4133608796  2328486844  4129243867  4274788127  432826283  
Min: 402636637 Max: 459763965
826425240  3682756471  1530223690  2460222182  1894032499  248970341  2662348686  1323325837  2604354699  121779694  3317666386  2768963716  1070171154  4051272297  1966243663  2749016239  3857247020  3444152988  1957912374  3939368308  4214533702  2094403959  1125781209  1519855964  1091351397  2186637247  3991222595  4111911476  2591321500  
Min: 402636637 Max: 459763965
1973789958  1992333439  2574944960  4065366707  4274048011  705931711  1210970895  1421828853  1108192216  35457870  2033892789  1513967644  4108160067  310274559  
🪓 Min in range, max out of range
Min: 592166935 Max: 609667612
0  
Min: 2425411087 Max: 2442911764
1268486741  3276436954  3786131308  1287961387  1808659179  2675880000  3199760974  3137232037  1720103029  2217758133  
Min: 659269242 Max: 676769919
1519504972  2990410634  972432123  278205785  132298732  2663455233  272509895  3703499740  4053129082  3305585510  386916980  896459472  1386903875  3445011596  2078802318  3599611328  4123103867  2122546980  2085666761  2648268998  3051742077  3850915258  3055179755  2309574666  3701143717  537218584  81956384  3034709506  1515802851  4129082008  251047688  581475723  
Min: 2795802600 Max: 2813303277
4275486551  2090555906  2902831882  2819947352  2592805068  
Min: 1194105161 Max: 1211605838

END SEARCH MIN: 1194105161

Min: 420137315 Max: 459763965
1973789958  1992333439  2574944960  4065366707  4274048011  705931711  1210970895  1421828853  1108192216  35457870  2033892789  1513967644  4108160067  310274559  3535532059  73659524  0  1261520342  3283950856  646203379  3962008114  1784556535  3443518630  1098016951  2033753707  2390203683  1436944398  1033963147  2171722308  3061525238  2549098552  3478645752  269683848  2331802713  420137315  
Min: 225361874 Max: 264988524
0  
Min: 2058606026 Max: 2098232676
1268486741  3276436954  3786131308  1287961387  1808659179  
Min: 3345957977 Max: 3385584627
1519504972  2990410634  972432123  278205785  132298732  2663455233  272509895  3703499740  4053129082  3305585510  
Min: 4195913677 Max: 4235540327
4275486551  2090555906  2902831882  2819947352  2592805068  606585628  2064757318  4068790015  
Min: 3266837448 Max: 3306464098

END SEARCH MIN: 3266837448
🌱Seed: 1802185716
Min: 1802185716 Max: 2340712459
1786548802  
🪓 Min in range, max out of range
Min: 946941230 Max: 1163757699
826425240  
🪓 Min in range, max out of range
Min: 3488828733 Max: 3612058656
1973789958  1992333439  2574944960  4065366707  4274048011  705931711  1210970895  1421828853  1108192216  35457870  2033892789  1513967644  4108160067  310274559  3535532059  
🪓 Min out of range, max in range
Min: 3488828733 Max: 3535532058
1973789958  1992333439  2574944960  4065366707  4274048011  705931711  1210970895  1421828853  1108192216  35457870  2033892789  1513967644  4108160067  310274559  3535532059  73659524  0  1261520342  3283950856  646203379  3962008114  1784556535  3443518630  1098016951  2033753707  2390203683  1436944398  1033963147  2171722308  3061525238  2549098552  3478645752  
Min: 4248263970 Max: 4294967295
0  2132863085  1600446740  2914685303  3712513349  
Min: 3275477051 Max: 3322180376
1268486741  3276436954  
🪓 Min out of range, max in range
Min: 3275477051 Max: 3276436953
1268486741  3276436954  3786131308  1287961387  1808659179  2675880000  3199760974  
Min: 3095051227 Max: 3096011129
1519504972  2990410634  972432123  278205785  132298732  2663455233  272509895  3703499740  4053129082  3305585510  386916980  896459472  1386903875  3445011596  2078802318  3599611328  4123103867  2122546980  2085666761  2648268998  3051742077  3850915258  3055179755  
Min: 3759976242 Max: 3760936144
4275486551  2090555906  2902831882  2819947352  2592805068  606585628  2064757318  4068790015  701865175  3291885426  
Min: 4002673505 Max: 4003633407

END SEARCH MIN: 4002673505

Min: 3617581823 Max: 3663325245
1519504972  2990410634  972432123  278205785  132298732  2663455233  272509895  3703499740  4053129082  3305585510  386916980  896459472  1386903875  3445011596  2078802318  3599611328  
Min: 2410539282 Max: 2456282704
4275486551  2090555906  
Min: 1538233289 Max: 1583976711

END SEARCH MIN: 1538233289

Min: 3061525238 Max: 3138051835
0  2132863085  1600446740  2914685303  
Min: 3469020312 Max: 3545546909
1268486741  3276436954  
Min: 3810165181 Max: 3886691778
1519504972  2990410634  972432123  278205785  132298732  2663455233  272509895  3703499740  
🪓 Min in range, max out of range
Min: 1315048550 Max: 1355798626
4275486551  2090555906  2902831882  2819947352  2592805068  606585628  2064757318  4068790015  701865175  3291885426  1066906431  
Min: 2165139271 Max: 2205889347

END SEARCH MIN: 2165139271

Min: 3850915258 Max: 3886691778
1519504972  2990410634  972432123  278205785  132298732  2663455233  272509895  3703499740  4053129082  3305585510  386916980  896459472  1386903875  3445011596  2078802318  3599611328  4123103867  2122546980  2085666761  2648268998  3051742077  3850915258  
Min: 1355798627 Max: 1391575147
4275486551  2090555906  2902831882  2819947352  2592805068  606585628  2064757318  4068790015  701865175  3291885426  1066906431  
Min: 2205889348 Max: 2241665868

END SEARCH MIN: 2205889348

Min: 1070171154 Max: 1163757699
826425240  3682756471  1530223690  2460222182  1894032499  248970341  2662348686  1323325837  2604354699  121779694  3317666386  2768963716  1070171154  
🪓 Min in range, max out of range
Min: 1402482267 Max: 1423662509
1973789958  1992333439  2574944960  4065366707  4274048011  705931711  1210970895  1421828853  
🪓 Min out of range, max in range
Min: 1402482267 Max: 1421828852
1973789958  1992333439  2574944960  4065366707  4274048011  705931711  1210970895  1421828853  1108192216  35457870  2033892789  1513967644  4108160067  310274559  3535532059  73659524  0  1261520342  
Min: 1907348782 Max: 1926695367
0  2132863085  1600446740  2914685303  3712513349  3589340640  799272484  1763451862  1587251997  2356910322  1045093870  764535859  1490869662  1920724686  
🪓 Min out of range, max in range
Min: 1907348782 Max: 1920724685
0  2132863085  1600446740  2914685303  3712513349  3589340640  799272484  1763451862  1587251997  2356910322  1045093870  764535859  1490869662  1920724686  1545176830  1554406595  2739726430  3598180039  2778906155  1770075592  
Min: 1428335136 Max: 1441711039
1268486741  3276436954  3786131308  1287961387  
Min: 140373749 Max: 153749652
1519504972  2990410634  972432123  278205785  132298732  
Min: 1783865237 Max: 1797241140
4275486551  2090555906  2902831882  2819947352  2592805068  606585628  2064757318  4068790015  701865175  3291885426  1066906431  
Min: 2633955958 Max: 2647331861

END SEARCH MIN: 2633955958

Min: 0 Max: 5970681
1268486741  3276436954  3786131308  1287961387  1808659179  2675880000  3199760974  3137232037  1720103029  2217758133  0  
Min: 1509606016 Max: 1515576697
1519504972  2990410634  972432123  278205785  132298732  2663455233  272509895  3703499740  4053129082  3305585510  386916980  896459472  1386903875  
Min: 2271682616 Max: 2277653297
4275486551  2090555906  
Min: 1399376623 Max: 1405347304

END SEARCH MIN: 1399376623

Min: 907984567 Max: 909818223
0  2132863085  1600446740  2914685303  3712513349  3589340640  799272484  
Min: 1550423123 Max: 1552256779
1268486741  3276436954  3786131308  1287961387  
Min: 262461736 Max: 264295392
1519504972  2990410634  972432123  278205785  132298732  2663455233  272509895  3703499740  4053129082  3305585510  386916980  896459472  1386903875  3445011596  2078802318  3599611328  4123103867  2122546980  2085666761  2648268998  3051742077  3850915258  3055179755  2309574666  3701143717  537218584  81956384  3034709506  1515802851  4129082008  251047688  
Min: 3710056611 Max: 3711890267
4275486551  2090555906  2902831882  2819947352  2592805068  606585628  2064757318  4068790015  701865175  3291885426  
Min: 3952753874 Max: 3954587530

END SEARCH MIN: 3952753874

Min: 1091351397 Max: 1163757699
826425240  3682756471  1530223690  2460222182  1894032499  248970341  2662348686  1323325837  2604354699  121779694  3317666386  2768963716  1070171154  4051272297  1966243663  2749016239  3857247020  3444152988  1957912374  3939368308  4214533702  2094403959  1125781209  
🪓 Min out of range, max in range
Min: 1091351397 Max: 1125781208
826425240  3682756471  1530223690  2460222182  1894032499  248970341  2662348686  1323325837  2604354699  121779694  3317666386  2768963716  1070171154  4051272297  1966243663  2749016239  3857247020  3444152988  1957912374  3939368308  4214533702  2094403959  1125781209  1519855964  1091351397  
Min: 1483712212 Max: 1518142023
1973789958  1992333439  2574944960  4065366707  4274048011  705931711  1210970895  1421828853  1108192216  35457870  2033892789  1513967644  
🪓 Min out of range, max in range
Min: 1483712212 Max: 1513967643
1973789958  1992333439  2574944960  4065366707  4274048011  705931711  1210970895  1421828853  1108192216  35457870  2033892789  1513967644  4108160067  310274559  3535532059  73659524  0  1261520342  3283950856  646203379  3962008114  1784556535  3443518630  1098016951  2033753707  2390203683  1436944398  
Min: 1546898002 Max: 1577153433
0  2132863085  1600446740  2914685303  3712513349  3589340640  799272484  1763451862  1587251997  2356910322  1045093870  764535859  1490869662  1920724686  1545176830  
🪓 Min in range, max out of range
Min: 2634237808 Max: 2641746400
1268486741  3276436954  3786131308  1287961387  1808659179  2675880000  3199760974  3137232037  1720103029  2217758133  
Min: 868095963 Max: 875604555
1519504972  2990410634  972432123  278205785  132298732  2663455233  272509895  3703499740  4053129082  3305585510  386916980  896459472  1386903875  3445011596  2078802318  3599611328  4123103867  2122546980  2085666761  2648268998  3051742077  3850915258  3055179755  2309574666  3701143717  537218584  81956384  3034709506  1515802851  4129082008  251047688  581475723  
Min: 3004629321 Max: 3012137913
4275486551  2090555906  2902831882  
Min: 3016645478 Max: 3024154070

END SEARCH MIN: 3016645478

Min: 1554406595 Max: 1577153433
0  2132863085  1600446740  2914685303  3712513349  3589340640  799272484  1763451862  1587251997  2356910322  1045093870  764535859  1490869662  1920724686  1545176830  1554406595  
Min: 668257778 Max: 691004616
1268486741  3276436954  3786131308  1287961387  1808659179  2675880000  3199760974  3137232037  1720103029  2217758133  0  
Min: 2177863794 Max: 2200610632
1519504972  2990410634  972432123  278205785  132298732  2663455233  272509895  3703499740  4053129082  3305585510  386916980  896459472  1386903875  3445011596  2078802318  3599611328  4123103867  2122546980  
Min: 2549417990 Max: 2572164828
4275486551  2090555906  
Min: 1677111997 Max: 1699858835

END SEARCH MIN: 1677111997

Min: 923239194 Max: 927413573
0  2132863085  1600446740  2914685303  3712513349  3589340640  799272484  
Min: 1565677750 Max: 1569852129
1268486741  3276436954  3786131308  1287961387  
Min: 277716363 Max: 281890742
1519504972  2990410634  972432123  278205785  
🪓 Min out of range, max in range
Min: 277716363 Max: 278205784
1519504972  2990410634  972432123  278205785  132298732  2663455233  272509895  
Min: 1617263388 Max: 1617752809
4275486551  2090555906  2902831882  2819947352  2592805068  606585628  2064757318  4068790015  701865175  3291885426  1066906431  
Min: 2467354109 Max: 2467843530

END SEARCH MIN: 2467354109

Min: 2277879451 Max: 2281564408
4275486551  2090555906  
Min: 1405573458 Max: 1409258415

END SEARCH MIN: 1405573458

Min: 1669602804 Max: 1707579294
1973789958  1992333439  2574944960  4065366707  4274048011  705931711  1210970895  1421828853  1108192216  35457870  2033892789  1513967644  
Min: 1078874354 Max: 1116850844
0  2132863085  1600446740  2914685303  3712513349  3589340640  799272484  1763451862  1587251997  2356910322  1045093870  
Min: 1721312910 Max: 1759289400
1268486741  3276436954  3786131308  1287961387  1808659179  2675880000  3199760974  3137232037  1720103029  
Min: 2779302638 Max: 2817279128
1519504972  2990410634  972432123  278205785  132298732  2663455233  
Min: 3487534567 Max: 3525511057
4275486551  2090555906  2902831882  2819947352  2592805068  606585628  2064757318  4068790015  701865175  3291885426  
Min: 3730231830 Max: 3768208320

END SEARCH MIN: 3730231830

Min: 2019002186 Max: 2340712459
1786548802  2322065235  
Min and max out of range, range in the middle🪓
Min: 2019002186 Max: 2322065234
1786548802  2322065235  147739714  768672891  1361862036  3328259881  3154345676  2814318523  1362209021  2133571422  
🪓 Min out of range, max in range
Min: 2019002186 Max: 2133571421
1786548802  2322065235  147739714  768672891  1361862036  3328259881  3154345676  2814318523  1362209021  2133571422  4045525873  3084992710  2838443589  4025104215  1268583577  2019002186  
Min: 4180398060 Max: 4294967295
826425240  3682756471  1530223690  2460222182  1894032499  248970341  2662348686  1323325837  2604354699  121779694  3317666386  2768963716  1070171154  4051272297  1966243663  2749016239  3857247020  3444152988  1957912374  3939368308  4214533702  
🪓 Min out of range, max in range
Min: 4180398060 Max: 4214533701
826425240  3682756471  1530223690  2460222182  1894032499  248970341  2662348686  1323325837  2604354699  121779694  3317666386  2768963716  1070171154  4051272297  1966243663  2749016239  3857247020  3444152988  1957912374  3939368308  4214533702  2094403959  1125781209  1519855964  1091351397  2186637247  3991222595  4111911476  
Min: 3877075368 Max: 3911211009
1973789958  1992333439  2574944960  4065366707  4274048011  705931711  1210970895  1421828853  1108192216  35457870  2033892789  1513967644  4108160067  310274559  3535532059  
Min: 3403068547 Max: 3437204188
0  2132863085  1600446740  2914685303  
🪓 Min in range, max out of range
Min: 3810563621 Max: 3810767182
1268486741  3276436954  3786131308  
Min: 3529542397 Max: 3529745958
1519504972  2990410634  972432123  278205785  132298732  2663455233  272509895  3703499740  4053129082  3305585510  386916980  896459472  1386903875  3445011596  
Min: 1702283611 Max: 1702487172
4275486551  2090555906  2902831882  2819947352  2592805068  606585628  2064757318  4068790015  701865175  3291885426  1066906431  
Min: 2552374332 Max: 2552577893

END SEARCH MIN: 2552374332

Min: 3403272109 Max: 3437204188
0  2132863085  1600446740  2914685303  3712513349  3589340640  799272484  1763451862  1587251997  2356910322  1045093870  764535859  1490869662  1920724686  1545176830  1554406595  2739726430  3598180039  2778906155  1770075592  1481368346  2396063798  1237176557  1190805596  3403272109  
Min: 3994565455 Max: 4028497534
1268486741  3276436954  3786131308  1287961387  1808659179  2675880000  3199760974  3137232037  1720103029  2217758133  0  3836074110  2837492192  3633445065  
Min: 3994565455 Max: 4028497534
1519504972  2990410634  972432123  278205785  132298732  2663455233  272509895  3703499740  4053129082  3305585510  386916980  896459472  1386903875  3445011596  2078802318  3599611328  4123103867  2122546980  2085666761  2648268998  3051742077  3850915258  
Min: 1499448824 Max: 1533380903
4275486551  2090555906  2902831882  2819947352  2592805068  606585628  2064757318  4068790015  701865175  3291885426  1066906431  
Min: 2349539545 Max: 2383471624

END SEARCH MIN: 2349539545

Min: 1589169210 Max: 1669602803
1973789958  1992333439  2574944960  4065366707  4274048011  705931711  1210970895  1421828853  1108192216  35457870  2033892789  1513967644  
Min: 998440760 Max: 1078874353
0  2132863085  1600446740  2914685303  3712513349  3589340640  799272484  
🪓 Min in range, max out of range
Min: 1640879316 Max: 1687532425
1268486741  3276436954  3786131308  1287961387  
Min: 352917929 Max: 399571038
1519504972  2990410634  972432123  278205785  
🪓 Min in range, max out of range
Min: 2352591595 Max: 2386590645
4275486551  2090555906  
Min: 1480285602 Max: 1514284652

END SEARCH MIN: 1480285602

Min: 386916980 Max: 399571038
1519504972  2990410634  972432123  278205785  132298732  2663455233  272509895  3703499740  4053129082  3305585510  386916980  
Min: 81956384 Max: 94610442
4275486551  2090555906  2902831882  2819947352  2592805068  606585628  2064757318  4068790015  701865175  3291885426  1066906431  3127697629  4036479735  4270667962  2075729027  
Min: 81956384 Max: 94610442

END SEARCH MIN: 81956384

Min: 1045093870 Max: 1078874353
0  2132863085  1600446740  2914685303  3712513349  3589340640  799272484  1763451862  1587251997  2356910322  1045093870  
Min: 1687532426 Max: 1721312909
1268486741  3276436954  3786131308  1287961387  
🪓 Min in range, max out of range
Min: 399571039 Max: 432141641
1519504972  2990410634  972432123  278205785  132298732  2663455233  272509895  3703499740  4053129082  3305585510  386916980  
Min: 94610443 Max: 127181045
4275486551  2090555906  2902831882  2819947352  2592805068  606585628  2064757318  4068790015  701865175  3291885426  1066906431  3127697629  4036479735  4270667962  2075729027  
Min: 94610443 Max: 127181045

END SEARCH MIN: 94610443

Min: 1720103029 Max: 1721312909
1268486741  3276436954  3786131308  1287961387  1808659179  2675880000  3199760974  3137232037  1720103029  
Min: 2778092757 Max: 2779302637
1519504972  2990410634  972432123  278205785  132298732  2663455233  
Min: 3486324686 Max: 3487534566
4275486551  2090555906  2902831882  2819947352  2592805068  606585628  2064757318  4068790015  701865175  3291885426  
Min: 3729021949 Max: 3730231829

END SEARCH MIN: 3729021949

Min: 3991904247 Max: 4180398059
826425240  3682756471  1530223690  2460222182  1894032499  248970341  2662348686  1323325837  2604354699  121779694  3317666386  2768963716  1070171154  4051272297  
Min and max out of range, range in the middle🪓
Min: 3991904247 Max: 4051272296
826425240  3682756471  1530223690  2460222182  1894032499  248970341  2662348686  1323325837  2604354699  121779694  3317666386  2768963716  1070171154  4051272297  1966243663  2749016239  3857247020  3444152988  1957912374  3939368308  4214533702  2094403959  1125781209  1519855964  1091351397  2186637247  3991222595  
Min: 1424344162 Max: 1483712211
1973789958  1992333439  2574944960  4065366707  4274048011  705931711  1210970895  1421828853  
🪓 Min in range, max out of range
Min: 910499876 Max: 923100111
0  2132863085  1600446740  2914685303  3712513349  3589340640  799272484  
Min: 1552938432 Max: 1565538667
1268486741  3276436954  3786131308  1287961387  
Min: 264977045 Max: 277577280
1519504972  2990410634  972432123  278205785  132298732  2663455233  272509895  
🪓 Min out of range, max in range
Min: 264977045 Max: 272509894
1519504972  2990410634  972432123  278205785  132298732  2663455233  272509895  3703499740  4053129082  3305585510  386916980  896459472  1386903875  3445011596  2078802318  3599611328  4123103867  2122546980  2085666761  2648268998  3051742077  3850915258  3055179755  2309574666  3701143717  537218584  81956384  3034709506  1515802851  4129082008  251047688  
Min: 3712571920 Max: 3720104769
4275486551  2090555906  2902831882  2819947352  2592805068  606585628  2064757318  4068790015  701865175  3291885426  
Min: 3955269183 Max: 3962802032

END SEARCH MIN: 3955269183

Min: 1612056920 Max: 1617124305
4275486551  2090555906  2902831882  2819947352  2592805068  606585628  2064757318  4068790015  701865175  3291885426  1066906431  
Min: 2462147641 Max: 2467215026

END SEARCH MIN: 2462147641

Min: 1436944398 Max: 1483712211
1973789958  1992333439  2574944960  4065366707  4274048011  705931711  1210970895  1421828853  1108192216  35457870  2033892789  1513967644  4108160067  310274559  3535532059  73659524  0  1261520342  3283950856  646203379  3962008114  1784556535  3443518630  1098016951  2033753707  2390203683  1436944398  
Min: 1500130188 Max: 1546898001
0  2132863085  1600446740  2914685303  3712513349  3589340640  799272484  1763451862  1587251997  2356910322  1045093870  764535859  1490869662  
🪓 Min in range, max out of range
Min: 749517182 Max: 794563823
1268486741  3276436954  3786131308  1287961387  1808659179  2675880000  3199760974  3137232037  1720103029  2217758133  0  
Min: 2259123198 Max: 2304169839
1519504972  2990410634  972432123  278205785  132298732  2663455233  272509895  3703499740  4053129082  3305585510  386916980  896459472  1386903875  3445011596  2078802318  3599611328  4123103867  2122546980  
Min: 2630677394 Max: 2675724035
4275486551  2090555906  2902831882  2819947352  2592805068  
Min: 1028979955 Max: 1074026596

END SEARCH MIN: 1028979955

Min: 1545176830 Max: 1546898001
0  2132863085  1600446740  2914685303  3712513349  3589340640  799272484  1763451862  1587251997  2356910322  1045093870  764535859  1490869662  1920724686  1545176830  
Min: 2632516636 Max: 2634237807
1268486741  3276436954  3786131308  1287961387  1808659179  2675880000  3199760974  3137232037  1720103029  2217758133  
Min: 866374791 Max: 868095962
1519504972  2990410634  972432123  278205785  132298732  2663455233  272509895  3703499740  4053129082  3305585510  386916980  896459472  1386903875  3445011596  2078802318  3599611328  4123103867  2122546980  2085666761  2648268998  3051742077  3850915258  3055179755  2309574666  3701143717  537218584  81956384  3034709506  1515802851  4129082008  251047688  581475723  
Min: 3002908149 Max: 3004629320
4275486551  2090555906  2902831882  
Min: 3014924306 Max: 3016645477

END SEARCH MIN: 3014924306

Min: 2959841028 Max: 3020480206
1973789958  1992333439  2574944960  4065366707  4274048011  705931711  1210970895  1421828853  1108192216  35457870  2033892789  1513967644  4108160067  310274559  3535532059  73659524  0  1261520342  3283950856  646203379  3962008114  1784556535  3443518630  1098016951  2033753707  2390203683  1436944398  1033963147  2171722308  3061525238  2549098552  3478645752  269683848  2331802713  420137315  
Min: 2959841028 Max: 3020480206
0  2132863085  1600446740  2914685303  
Min: 3367336102 Max: 3427975280
1268486741  3276436954  
Min: 3708480971 Max: 3769120149
1519504972  2990410634  972432123  278205785  132298732  2663455233  272509895  3703499740  
Min: 1213364340 Max: 1274003518
4275486551  2090555906  2902831882  2819947352  2592805068  606585628  2064757318  4068790015  701865175  3291885426  1066906431  
Min: 2063455061 Max: 2124094239

END SEARCH MIN: 2063455061

Min: 4111911476 Max: 4180398059
826425240  3682756471  1530223690  2460222182  1894032499  248970341  2662348686  1323325837  2604354699  121779694  3317666386  2768963716  1070171154  4051272297  1966243663  2749016239  3857247020  3444152988  1957912374  3939368308  4214533702  2094403959  1125781209  1519855964  1091351397  2186637247  3991222595  4111911476  
Min: 3808588784 Max: 3877075367
1973789958  1992333439  2574944960  4065366707  4274048011  705931711  1210970895  1421828853  1108192216  35457870  2033892789  1513967644  4108160067  310274559  3535532059  
Min: 3334581963 Max: 3403068546
0  2132863085  1600446740  2914685303  
Min: 3742077037 Max: 3810563620
1268486741  3276436954  3786131308  
🪓 Min out of range, max in range
Min: 3742077037 Max: 3786131307
1268486741  3276436954  3786131308  1287961387  1808659179  2675880000  3199760974  3137232037  1720103029  2217758133  0  3836074110  2837492192  3633445065  
Min: 2975280879 Max: 3019335149
1519504972  2990410634  
🪓 Min out of range, max in range
Min: 2975280879 Max: 2990410633
1519504972  2990410634  972432123  278205785  132298732  2663455233  
Min: 3683512808 Max: 3698642562
4275486551  2090555906  2902831882  2819947352  2592805068  606585628  2064757318  4068790015  701865175  3291885426  
Min: 3926210071 Max: 3941339825

END SEARCH MIN: 3926210071

Min: 1894539176 Max: 1923463691
4275486551  2090555906  2902831882  2819947352  2592805068  606585628  2064757318  4068790015  701865175  3291885426  1066906431  
Min: 2744629897 Max: 2773554412

END SEARCH MIN: 2744629897

Min: 3505110084 Max: 3529542396
1519504972  2990410634  972432123  278205785  132298732  2663455233  272509895  3703499740  4053129082  3305585510  386916980  896459472  1386903875  3445011596  
Min: 1677851298 Max: 1702283610
4275486551  2090555906  2902831882  2819947352  2592805068  606585628  2064757318  4068790015  701865175  3291885426  1066906431  
Min: 2527942019 Max: 2552374331

END SEARCH MIN: 2527942019

Min: 3500539319 Max: 3506960927
826425240  3682756471  1530223690  2460222182  1894032499  248970341  2662348686  1323325837  2604354699  121779694  3317666386  2768963716  1070171154  4051272297  1966243663  2749016239  3857247020  3444152988  
Min: 2685390588 Max: 2691812196
1973789958  1992333439  2574944960  4065366707  4274048011  705931711  1210970895  1421828853  1108192216  35457870  2033892789  1513967644  4108160067  310274559  3535532059  73659524  0  1261520342  3283950856  646203379  3962008114  1784556535  3443518630  1098016951  2033753707  2390203683  1436944398  1033963147  2171722308  3061525238  2549098552  3478645752  269683848  2331802713  420137315  
Min: 2685390588 Max: 2691812196
0  2132863085  1600446740  2914685303  3712513349  3589340640  799272484  1763451862  1587251997  2356910322  1045093870  764535859  1490869662  1920724686  1545176830  1554406595  2739726430  3598180039  2778906155  1770075592  1481368346  2396063798  1237176557  1190805596  3403272109  
Min: 2685390588 Max: 2691812196
1268486741  3276436954  3786131308  1287961387  1808659179  2675880000  
Min: 1357504412 Max: 1363926020
1519504972  2990410634  972432123  
Min: 617330277 Max: 623751885
4275486551  2090555906  2902831882  2819947352  2592805068  606585628  
Min: 3435220912 Max: 3441642520

END SEARCH MIN: 3435220912

Min: 2328486844 Max: 2340712459
1786548802  2322065235  147739714  768672891  1361862036  3328259881  3154345676  2814318523  1362209021  2133571422  4045525873  3084992710  2838443589  4025104215  1268583577  2019002186  1593696496  808199470  526585653  3894961176  2882157621  414068906  4133608796  2328486844  
Min: 2759412171 Max: 2771637786
826425240  3682756471  1530223690  2460222182  1894032499  248970341  2662348686  1323325837  2604354699  121779694  3317666386  2768963716  
🪓 Min out of range, max in range
Min: 2759412171 Max: 2768963715
826425240  3682756471  1530223690  2460222182  1894032499  248970341  2662348686  1323325837  2604354699  121779694  3317666386  2768963716  1070171154  4051272297  1966243663  2749016239  
Min: 3921606942 Max: 3931158486
1973789958  1992333439  2574944960  4065366707  4274048011  705931711  1210970895  1421828853  1108192216  35457870  2033892789  1513967644  4108160067  310274559  3535532059  
Min: 3447600121 Max: 3457151665
0  2132863085  1600446740  2914685303  3712513349  3589340640  799272484  1763451862  1587251997  2356910322  1045093870  764535859  1490869662  1920724686  1545176830  1554406595  2739726430  3598180039  2778906155  1770075592  1481368346  2396063798  1237176557  1190805596  3403272109  
Min: 4038893467 Max: 4048445011
1268486741  3276436954  3786131308  1287961387  1808659179  2675880000  3199760974  3137232037  1720103029  2217758133  0  3836074110  2837492192  3633445065  
Min: 4038893467 Max: 4048445011
1519504972  2990410634  972432123  278205785  132298732  2663455233  272509895  3703499740  4053129082  3305585510  386916980  896459472  1386903875  3445011596  2078802318  3599611328  4123103867  2122546980  2085666761  2648268998  3051742077  3850915258  
Min: 1543776836 Max: 1553328380
4275486551  2090555906  2902831882  2819947352  2592805068  606585628  2064757318  4068790015  701865175  3291885426  1066906431  
Min: 2393867557 Max: 2403419101

END SEARCH MIN: 2393867557

Min: 2080301587 Max: 2082975657
1973789958  1992333439  2574944960  4065366707  4274048011  705931711  1210970895  1421828853  1108192216  35457870  2033892789  
Min: 2301135602 Max: 2303809672
0  2132863085  
Min: 380410916 Max: 383084986
1268486741  3276436954  3786131308  1287961387  1808659179  2675880000  3199760974  3137232037  1720103029  2217758133  0  
Min: 1890016932 Max: 1892691002
1519504972  
Min: 1017241700 Max: 1019915770
4275486551  2090555906  2902831882  2819947352  2592805068  606585628  2064757318  4068790015  701865175  
Min: 921962153 Max: 924636223

END SEARCH MIN: 921962153
🌱Seed: 635790399
Min: 635790399 Max: 1341769648
1786548802  2322065235  147739714  768672891  
Min and max out of range, range in the middle🪓
Min: 635790399 Max: 768672890
1786548802  2322065235  147739714  768672891  1361862036  3328259881  3154345676  2814318523  1362209021  2133571422  4045525873  3084992710  2838443589  4025104215  1268583577  2019002186  1593696496  808199470  526585653  3894961176  2882157621  414068906  4133608796  2328486844  4129243867  4274788127  432826283  2717123646  1604356015  629314747  
🪓 Min in range, max out of range
Min: 275701837 Max: 402636636
826425240  3682756471  1530223690  2460222182  1894032499  248970341  
🪓 Min in range, max out of range
Min: 148511190 Max: 158099570
1973789958  1992333439  2574944960  4065366707  4274048011  705931711  1210970895  1421828853  1108192216  35457870  2033892789  1513967644  4108160067  310274559  3535532059  73659524  
Min: 1268679751 Max: 1278268131
0  2132863085  1600446740  2914685303  3712513349  3589340640  799272484  1763451862  1587251997  2356910322  1045093870  764535859  1490869662  1920724686  1545176830  1554406595  2739726430  3598180039  2778906155  1770075592  1481368346  2396063798  1237176557  
Min: 826067018 Max: 835655398
1268486741  3276436954  3786131308  1287961387  1808659179  2675880000  3199760974  3137232037  1720103029  2217758133  0  
Min: 2335673034 Max: 2345261414
1519504972  2990410634  972432123  278205785  132298732  2663455233  272509895  3703499740  4053129082  3305585510  386916980  896459472  1386903875  3445011596  2078802318  3599611328  4123103867  2122546980  2085666761  2648268998  3051742077  3850915258  3055179755  2309574666  
Min: 3059091198 Max: 3068679578
4275486551  2090555906  2902831882  
Min: 3071107355 Max: 3080695735

END SEARCH MIN: 3071107355

Min: 285290218 Max: 402636636
826425240  3682756471  1530223690  2460222182  1894032499  248970341  2662348686  1323325837  2604354699  121779694  3317666386  2768963716  1070171154  4051272297  1966243663  2749016239  3857247020  3444152988  1957912374  3939368308  4214533702  2094403959  1125781209  1519855964  1091351397  2186637247  3991222595  4111911476  2591321500  
Min: 285290218 Max: 402636636
1973789958  1992333439  2574944960  4065366707  4274048011  705931711  1210970895  1421828853  1108192216  35457870  2033892789  1513967644  4108160067  310274559  
🪓 Min out of range, max in range
Min: 285290218 Max: 310274558
1973789958  1992333439  2574944960  4065366707  4274048011  705931711  1210970895  1421828853  1108192216  35457870  2033892789  1513967644  4108160067  310274559  3535532059  73659524  0  1261520342  3283950856  646203379  3962008114  1784556535  3443518630  1098016951  2033753707  2390203683  1436944398  1033963147  2171722308  3061525238  2549098552  3478645752  269683848  
Min: 181834052 Max: 206818392
0  
Min: 2015078204 Max: 2040062544
1268486741  3276436954  3786131308  1287961387  1808659179  
Min: 3302430155 Max: 3327414495
1519504972  2990410634  972432123  278205785  132298732  2663455233  272509895  3703499740  4053129082  3305585510  
🪓 Min out of range, max in range
Min: 3302430155 Max: 3305585509
1519504972  2990410634  972432123  278205785  132298732  2663455233  272509895  3703499740  4053129082  3305585510  386916980  896459472  1386903875  3445011596  2078802318  3599611328  4123103867  2122546980  2085666761  2648268998  3051742077  3850915258  3055179755  
Min: 3967355170 Max: 3970510524
4275486551  2090555906  2902831882  2819947352  2592805068  606585628  2064757318  4068790015  701865175  3291885426  
Min: 4210052433 Max: 4213207787

END SEARCH MIN: 4210052433

Min: 4155541210 Max: 4177370195
4275486551  2090555906  2902831882  2819947352  2592805068  606585628  2064757318  4068790015  
Min: 3226464981 Max: 3248293966

END SEARCH MIN: 3226464981

Min: 499804857 Max: 592166934
0  
Min: 2333049009 Max: 2425411086
1268486741  3276436954  3786131308  1287961387  1808659179  2675880000  3199760974  3137232037  1720103029  2217758133  
Min: 566907164 Max: 659269241
1519504972  2990410634  972432123  278205785  132298732  2663455233  272509895  3703499740  4053129082  3305585510  386916980  896459472  1386903875  3445011596  2078802318  3599611328  4123103867  2122546980  2085666761  2648268998  3051742077  3850915258  3055179755  2309574666  3701143717  537218584  
🪓 Min in range, max out of range
Min: 1968526628 Max: 1983095186
4275486551  2090555906  2902831882  2819947352  2592805068  606585628  2064757318  4068790015  701865175  3291885426  1066906431  
Min: 2818617349 Max: 2833185907

END SEARCH MIN: 2818617349

Min: 581475723 Max: 659269241
1519504972  2990410634  972432123  278205785  132298732  2663455233  272509895  3703499740  4053129082  3305585510  386916980  896459472  1386903875  3445011596  2078802318  3599611328  4123103867  2122546980  2085666761  2648268998  3051742077  3850915258  3055179755  2309574666  3701143717  537218584  81956384  3034709506  1515802851  4129082008  251047688  581475723  
Min: 2718009081 Max: 2795802599
4275486551  2090555906  2902831882  2819947352  2592805068  
Min: 1116311642 Max: 1194105160

END SEARCH MIN: 1116311642

Min: 762725199 Max: 768672890
1786548802  2322065235  147739714  768672891  1361862036  3328259881  3154345676  2814318523  1362209021  2133571422  4045525873  3084992710  2838443589  4025104215  1268583577  2019002186  1593696496  808199470  526585653  3894961176  2882157621  414068906  4133608796  2328486844  4129243867  4274788127  432826283  2717123646  1604356015  629314747  3871156865  2512159762  
Min: 762725199 Max: 768672890
826425240  3682756471  1530223690  2460222182  1894032499  248970341  2662348686  1323325837  2604354699  121779694  3317666386  2768963716  1070171154  4051272297  1966243663  2749016239  3857247020  3444152988  1957912374  3939368308  4214533702  2094403959  1125781209  1519855964  1091351397  2186637247  3991222595  4111911476  2591321500  
Min: 762725199 Max: 768672890
1973789958  1992333439  2574944960  4065366707  4274048011  705931711  
Min: 1983488856 Max: 1989436547
0  2132863085  1600446740  2914685303  3712513349  3589340640  799272484  1763451862  1587251997  2356910322  1045093870  764535859  1490869662  1920724686  
Min: 62764170 Max: 68711861
1268486741  3276436954  3786131308  1287961387  1808659179  2675880000  3199760974  3137232037  1720103029  2217758133  0  
Min: 1572370186 Max: 1578317877
1519504972  
Min: 699594954 Max: 705542645
4275486551  2090555906  2902831882  2819947352  2592805068  606585628  
🪓 Min in range, max out of range
Min: 3517485589 Max: 3519755809

END SEARCH MIN: 3517485589

Min: 701865175 Max: 705542645
4275486551  2090555906  2902831882  2819947352  2592805068  606585628  2064757318  4068790015  701865175  
Min: 606585628 Max: 610263098

END SEARCH MIN: 606585628

Min: 3169724489 Max: 3209251067
826425240  3682756471  1530223690  2460222182  1894032499  248970341  2662348686  1323325837  2604354699  121779694  3317666386  2768963716  
Min: 2481062360 Max: 2520588938
1973789958  1992333439  2574944960  4065366707  4274048011  705931711  1210970895  1421828853  1108192216  35457870  2033892789  1513967644  4108160067  310274559  3535532059  73659524  0  1261520342  3283950856  646203379  3962008114  1784556535  3443518630  1098016951  2033753707  2390203683  
Min: 2483415000 Max: 2522941578
0  2132863085  1600446740  2914685303  3712513349  3589340640  799272484  1763451862  1587251997  2356910322  1045093870  764535859  1490869662  1920724686  1545176830  1554406595  2739726430  3598180039  2778906155  1770075592  1481368346  2396063798  
Min: 1132730545 Max: 1172257123
1268486741  3276436954  3786131308  1287961387  1808659179  2675880000  3199760974  3137232037  1720103029  2217758133  0  
Min: 2642336561 Max: 2681863139
1519504972  2990410634  972432123  278205785  132298732  2663455233  
🪓 Min out of range, max in range
Min: 2642336561 Max: 2663455232
1519504972  2990410634  972432123  278205785  132298732  2663455233  272509895  3703499740  4053129082  3305585510  386916980  896459472  1386903875  3445011596  2078802318  3599611328  4123103867  2122546980  2085666761  2648268998  
🪓 Min out of range, max in range
Min: 2642336561 Max: 2648268997
1519504972  2990410634  972432123  278205785  132298732  2663455233  272509895  3703499740  4053129082  3305585510  386916980  896459472  1386903875  3445011596  2078802318  3599611328  4123103867  2122546980  2085666761  2648268998  3051742077  3850915258  3055179755  2309574666  
Min: 3365754725 Max: 3371687161
4275486551  2090555906  2902831882  2819947352  2592805068  606585628  2064757318  4068790015  701865175  3291885426  
Min: 3608451988 Max: 3614384424

END SEARCH MIN: 3608451988

Min: 4140354975 Max: 4155541209
4275486551  2090555906  2902831882  2819947352  2592805068  606585628  2064757318  4068790015  
Min: 3211278746 Max: 3226464980

END SEARCH MIN: 3211278746

Min: 3371687162 Max: 3390095068
4275486551  2090555906  2902831882  2819947352  2592805068  606585628  2064757318  4068790015  701865175  3291885426  
Min: 3614384425 Max: 3632792331

END SEARCH MIN: 3614384425

Min: 808199470 Max: 1341769648
1786548802  2322065235  147739714  768672891  1361862036  3328259881  3154345676  2814318523  1362209021  2133571422  4045525873  3084992710  2838443589  4025104215  1268583577  
🪓 Min out of range, max in range
Min: 808199470 Max: 1268583576
1786548802  2322065235  147739714  768672891  1361862036  3328259881  3154345676  2814318523  1362209021  2133571422  4045525873  3084992710  2838443589  4025104215  1268583577  2019002186  1593696496  808199470  
Min: 1271600760 Max: 1731984866
826425240  3682756471  1530223690  
🪓 Min out of range, max in range
Min: 1271600760 Max: 1530223689
826425240  3682756471  1530223690  2460222182  1894032499  248970341  2662348686  1323325837  
Min and max out of range, range in the middle🪓
Min: 1271600760 Max: 1323325836
826425240  3682756471  1530223690  2460222182  1894032499  248970341  2662348686  1323325837  2604354699  121779694  3317666386  2768963716  1070171154  4051272297  1966243663  2749016239  3857247020  3444152988  1957912374  3939368308  4214533702  2094403959  1125781209  
Min: 1815422355 Max: 1867147431
1973789958  1992333439  2574944960  4065366707  4274048011  705931711  1210970895  1421828853  1108192216  35457870  2033892789  1513967644  4108160067  310274559  3535532059  73659524  0  1261520342  3283950856  646203379  3962008114  1784556535  
Min: 1608019254 Max: 1659744330
0  2132863085  1600446740  
Min: 453259466 Max: 504984542
1268486741  3276436954  3786131308  1287961387  1808659179  2675880000  3199760974  3137232037  1720103029  2217758133  0  
Min: 1962865482 Max: 2014590558
1519504972  
Min: 1090090250 Max: 1141815326
4275486551  2090555906  2902831882  2819947352  2592805068  606585628  2064757318  4068790015  701865175  3291885426  1066906431  
Min: 1940180971 Max: 1991906047

END SEARCH MIN: 1940180971

Min: 3612058657 Max: 3808588783
1973789958  1992333439  2574944960  4065366707  4274048011  705931711  1210970895  1421828853  1108192216  35457870  2033892789  1513967644  4108160067  310274559  3535532059  
Min: 3138051836 Max: 3334581962
0  2132863085  1600446740  2914685303  
Min: 3545546910 Max: 3742077036
1268486741  3276436954  
🪓 Min in range, max out of range
Min: 3886691779 Max: 3974589933
1519504972  2990410634  972432123  278205785  132298732  2663455233  272509895  3703499740  4053129082  3305585510  386916980  896459472  1386903875  3445011596  2078802318  3599611328  4123103867  2122546980  2085666761  2648268998  3051742077  3850915258  
Min: 1391575148 Max: 1479473302
4275486551  2090555906  2902831882  2819947352  2592805068  606585628  2064757318  4068790015  701865175  3291885426  1066906431  
Min: 2241665869 Max: 2329564023

END SEARCH MIN: 2241665869

Min: 3633445065 Max: 3742077036
1268486741  3276436954  3786131308  1287961387  1808659179  2675880000  3199760974  3137232037  1720103029  2217758133  0  3836074110  2837492192  3633445065  
Min: 2866648907 Max: 2975280878
1519504972  2990410634  972432123  278205785  132298732  2663455233  
Min: 3574880836 Max: 3683512807
4275486551  2090555906  2902831882  2819947352  2592805068  606585628  2064757318  4068790015  701865175  3291885426  
Min: 3817578099 Max: 3926210070

END SEARCH MIN: 3817578099

Min: 1519855964 Max: 1530223689
826425240  3682756471  1530223690  2460222182  1894032499  248970341  2662348686  1323325837  2604354699  121779694  3317666386  2768963716  1070171154  4051272297  1966243663  2749016239  3857247020  3444152988  1957912374  3939368308  4214533702  2094403959  1125781209  1519855964  
Min: 3084360082 Max: 3094727807
1973789958  1992333439  2574944960  4065366707  4274048011  705931711  1210970895  1421828853  1108192216  35457870  2033892789  1513967644  4108160067  310274559  3535532059  73659524  0  1261520342  3283950856  646203379  3962008114  1784556535  3443518630  1098016951  2033753707  2390203683  1436944398  1033963147  2171722308  3061525238  
Min: 3510836137 Max: 3521203862
0  2132863085  1600446740  2914685303  3712513349  3589340640  799272484  1763451862  1587251997  2356910322  1045093870  764535859  1490869662  1920724686  1545176830  1554406595  2739726430  3598180039  2778906155  1770075592  1481368346  2396063798  1237176557  1190805596  3403272109  
Min: 4102129483 Max: 4112497208
1268486741  3276436954  3786131308  1287961387  1808659179  2675880000  3199760974  3137232037  1720103029  2217758133  0  3836074110  2837492192  3633445065  
Min: 4102129483 Max: 4112497208
1519504972  2990410634  972432123  278205785  132298732  2663455233  272509895  3703499740  4053129082  
Min: 4119380591 Max: 4129748316
4275486551  2090555906  2902831882  2819947352  2592805068  606585628  2064757318  4068790015  
Min: 3190304362 Max: 3200672087

END SEARCH MIN: 3190304362

Min: 3931158487 Max: 4132919663
1973789958  1992333439  2574944960  4065366707  
Min and max out of range, range in the middle🪓
Min: 3931158487 Max: 4065366706
1973789958  1992333439  2574944960  4065366707  4274048011  705931711  1210970895  1421828853  1108192216  35457870  2033892789  1513967644  4108160067  310274559  3535532059  
🪓 Min in range, max out of range
Min: 3457151666 Max: 3488001292
0  2132863085  1600446740  2914685303  3712513349  3589340640  799272484  1763451862  1587251997  2356910322  1045093870  764535859  1490869662  1920724686  1545176830  1554406595  2739726430  3598180039  2778906155  1770075592  1481368346  2396063798  1237176557  1190805596  3403272109  
Min: 4048445012 Max: 4079294638
1268486741  3276436954  3786131308  1287961387  1808659179  2675880000  3199760974  3137232037  1720103029  2217758133  0  3836074110  2837492192  3633445065  
Min: 4048445012 Max: 4079294638
1519504972  2990410634  972432123  278205785  132298732  2663455233  272509895  3703499740  4053129082  
🪓 Min out of range, max in range
Min: 4048445012 Max: 4053129081
1519504972  2990410634  972432123  278205785  132298732  2663455233  272509895  3703499740  4053129082  3305585510  386916980  896459472  1386903875  3445011596  2078802318  3599611328  4123103867  2122546980  2085666761  2648268998  3051742077  3850915258  
Min: 1553328381 Max: 1558012450
4275486551  2090555906  2902831882  2819947352  2592805068  606585628  2064757318  4068790015  701865175  3291885426  1066906431  
Min: 2403419102 Max: 2408103171

END SEARCH MIN: 2403419102

Min: 4070380190 Max: 4096545746
4275486551  2090555906  2902831882  2819947352  2592805068  606585628  2064757318  4068790015  
Min: 3141303961 Max: 3167469517

END SEARCH MIN: 3141303961

Min: 3962008114 Max: 4065366706
1973789958  1992333439  2574944960  4065366707  4274048011  705931711  1210970895  1421828853  1108192216  35457870  2033892789  1513967644  4108160067  310274559  3535532059  73659524  0  1261520342  3283950856  646203379  3962008114  
Min: 3919108215 Max: 4022466807
0  2132863085  1600446740  2914685303  3712513349  
Min: 2946321296 Max: 3049679888
1268486741  3276436954  3786131308  1287961387  1808659179  2675880000  3199760974  3137232037  1720103029  2217758133  0  3836074110  2837492192  
Min: 1157083083 Max: 1260441675
1519504972  2990410634  972432123  
Min: 416908948 Max: 520267540
4275486551  2090555906  2902831882  2819947352  2592805068  606585628  2064757318  4068790015  701865175  3291885426  1066906431  3127697629  4036479735  4270667962  2075729027  
Min: 416908948 Max: 520267540

END SEARCH MIN: 416908948

Min: 3710426911 Max: 3753220270
0  2132863085  1600446740  2914685303  3712513349  
🪓 Min out of range, max in range
Min: 3710426911 Max: 3712513348
0  2132863085  1600446740  2914685303  3712513349  3589340640  799272484  1763451862  1587251997  2356910322  1045093870  764535859  1490869662  1920724686  1545176830  1554406595  2739726430  3598180039  
Min: 4292880858 Max: 4294967295
1268486741  3276436954  3786131308  1287961387  1808659179  2675880000  3199760974  3137232037  1720103029  2217758133  0  3836074110  2837492192  3633445065  
Min: 4292880858 Max: 4294967295
1519504972  2990410634  972432123  278205785  132298732  2663455233  272509895  3703499740  4053129082  3305585510  386916980  896459472  1386903875  3445011596  2078802318  3599611328  4123103867  2122546980  2085666761  2648268998  3051742077  3850915258  3055179755  2309574666  3701143717  537218584  81956384  3034709506  1515802851  4129082008  
Min: 2146894037 Max: 2148980474
4275486551  2090555906  
Min: 1274588044 Max: 1276674481

END SEARCH MIN: 1274588044

Min: 2739726430 Max: 2780433351
1268486741  3276436954  3786131308  1287961387  1808659179  2675880000  
Min: 1411840254 Max: 1452547175
1519504972  2990410634  972432123  278205785  132298732  2663455233  272509895  3703499740  4053129082  3305585510  386916980  896459472  1386903875  
Min: 2173916854 Max: 2214623775
4275486551  2090555906  
Min: 1301610861 Max: 1342317782

END SEARCH MIN: 1301610861

Min: 4108160067 Max: 4132919663
1973789958  1992333439  2574944960  4065366707  4274048011  705931711  1210970895  1421828853  1108192216  35457870  2033892789  1513967644  4108160067  
Min: 3753220271 Max: 3777979867
0  2132863085  1600446740  2914685303  3712513349  
Min: 2780433352 Max: 2805192948
1268486741  3276436954  3786131308  1287961387  1808659179  2675880000  
Min: 1452547176 Max: 1477306772
1519504972  2990410634  972432123  278205785  132298732  2663455233  272509895  3703499740  4053129082  3305585510  386916980  896459472  1386903875  
Min: 2214623776 Max: 2239383372
4275486551  2090555906  
Min: 1342317783 Max: 1367077379

END SEARCH MIN: 1342317783

Min: 768672891 Max: 841858962
826425240  
🪓 Min out of range, max in range
Min: 768672891 Max: 826425239
826425240  3682756471  1530223690  2460222182  1894032499  248970341  2662348686  1323325837  2604354699  121779694  3317666386  2768963716  1070171154  4051272297  1966243663  2749016239  3857247020  3444152988  1957912374  3939368308  4214533702  2094403959  1125781209  1519855964  1091351397  2186637247  3991222595  4111911476  2591321500  
Min: 768672891 Max: 826425239
1973789958  1992333439  2574944960  4065366707  4274048011  705931711  
Min: 1989436548 Max: 2047188896
0  2132863085  1600446740  2914685303  3712513349  3589340640  799272484  1763451862  1587251997  2356910322  1045093870  764535859  1490869662  1920724686  
Min: 68711862 Max: 126464210
1268486741  3276436954  3786131308  1287961387  1808659179  2675880000  3199760974  3137232037  1720103029  2217758133  0  
Min: 1578317878 Max: 1636070226
1519504972  
Min: 705542646 Max: 763294994
4275486551  2090555906  2902831882  2819947352  2592805068  606585628  2064757318  4068790015  701865175  
Min: 610263099 Max: 668015447

END SEARCH MIN: 610263099

Min: 3368312743 Max: 3383746465
1973789958  1992333439  2574944960  4065366707  4274048011  705931711  1210970895  1421828853  1108192216  35457870  2033892789  1513967644  4108160067  310274559  3535532059  73659524  0  1261520342  3283950856  
Min: 4141955817 Max: 4157389539
0  2132863085  1600446740  2914685303  3712513349  
Min: 3169168898 Max: 3184602620
1268486741  3276436954  3786131308  1287961387  1808659179  2675880000  3199760974  3137232037  
Min: 3586989747 Max: 3602423469
1519504972  2990410634  972432123  278205785  132298732  2663455233  272509895  3703499740  4053129082  3305585510  386916980  896459472  1386903875  3445011596  
🪓 Min in range, max out of range
Min: 1759730961 Max: 1772352541
4275486551  2090555906  2902831882  2819947352  2592805068  606585628  2064757318  4068790015  701865175  3291885426  1066906431  
Min: 2609821682 Max: 2622443262

END SEARCH MIN: 2609821682

Min: 3599611328 Max: 3602423469
1519504972  2990410634  972432123  278205785  132298732  2663455233  272509895  3703499740  4053129082  3305585510  386916980  896459472  1386903875  3445011596  2078802318  3599611328  
Min: 2392568787 Max: 2395380928
4275486551  2090555906  
Min: 1520262794 Max: 1523074935

END SEARCH MIN: 1520262794
Res: 81956384
